"","V1","V2","V3","V4","V5","V6","V7","V8","V9","V10"
"1",0.0892857142857143,0.107142857142857,0.0892857142857143,0.0892857142857143,0.107142857142857,0.0892857142857143,0.0892857142857143,0.0892857142857143,0.107142857142857,0.142857142857143
"2",0.0961538461538462,0.0961538461538462,0.115384615384615,0.0961538461538462,0.115384615384615,0.0961538461538462,0.0961538461538462,0.0961538461538462,0.0961538461538462,0.0961538461538462
"3",0.0925925925925926,0.0925925925925926,0.0925925925925926,0.0925925925925926,0.0925925925925926,0.0925925925925926,0.111111111111111,0.0925925925925926,0.148148148148148,0.0925925925925926
"4",0.0943396226415094,0.0943396226415094,0.0943396226415094,0.113207547169811,0.0943396226415094,0.0943396226415094,0.0943396226415094,0.0943396226415094,0.113207547169811,0.113207547169811
"5",0.0980392156862745,0.0980392156862745,0.0980392156862745,0.0980392156862745,0.0980392156862745,0.0980392156862745,0.0980392156862745,0.117647058823529,0.0980392156862745,0.0980392156862745
"6",0.087719298245614,0.12280701754386,0.105263157894737,0.087719298245614,0.087719298245614,0.087719298245614,0.087719298245614,0.140350877192982,0.105263157894737,0.087719298245614
"7",0.0980392156862745,0.0980392156862745,0.0980392156862745,0.0980392156862745,0.0980392156862745,0.0980392156862745,0.0980392156862745,0.117647058823529,0.0980392156862745,0.0980392156862745
"8",0.0909090909090909,0.109090909090909,0.0909090909090909,0.0909090909090909,0.109090909090909,0.127272727272727,0.0909090909090909,0.0909090909090909,0.109090909090909,0.0909090909090909
"9",0.0909090909090909,0.0909090909090909,0.0909090909090909,0.0909090909090909,0.127272727272727,0.0909090909090909,0.0909090909090909,0.127272727272727,0.0909090909090909,0.109090909090909
"10",0.111111111111111,0.0925925925925926,0.0925925925925926,0.0925925925925926,0.0925925925925926,0.12962962962963,0.111111111111111,0.0925925925925926,0.0925925925925926,0.0925925925925926
"11",0.109090909090909,0.0909090909090909,0.127272727272727,0.0909090909090909,0.0909090909090909,0.0909090909090909,0.109090909090909,0.0909090909090909,0.0909090909090909,0.109090909090909
"12",0.109090909090909,0.127272727272727,0.0909090909090909,0.0909090909090909,0.0909090909090909,0.0909090909090909,0.109090909090909,0.0909090909090909,0.0909090909090909,0.109090909090909
"13",0.0925925925925926,0.111111111111111,0.0925925925925926,0.0925925925925926,0.0925925925925926,0.0925925925925926,0.111111111111111,0.0925925925925926,0.111111111111111,0.111111111111111
"14",0.0909090909090909,0.0909090909090909,0.0909090909090909,0.109090909090909,0.109090909090909,0.109090909090909,0.127272727272727,0.0909090909090909,0.0909090909090909,0.0909090909090909
"15",0.0961538461538462,0.0961538461538462,0.0961538461538462,0.115384615384615,0.0961538461538462,0.0961538461538462,0.0961538461538462,0.115384615384615,0.0961538461538462,0.0961538461538462
"16",0.0925925925925926,0.0925925925925926,0.0925925925925926,0.111111111111111,0.0925925925925926,0.0925925925925926,0.111111111111111,0.111111111111111,0.0925925925925926,0.111111111111111
"17",0.113924050632911,0.0632911392405063,0.0886075949367089,0.164556962025316,0.113924050632911,0.10126582278481,0.10126582278481,0.0886075949367089,0.10126582278481,0.0632911392405063
"18",0.0925925925925926,0.0925925925925926,0.148148148148148,0.0925925925925926,0.0925925925925926,0.111111111111111,0.0925925925925926,0.0925925925925926,0.0925925925925926,0.0925925925925926
"19",0.0847457627118644,0.101694915254237,0.0847457627118644,0.0847457627118644,0.101694915254237,0.135593220338983,0.101694915254237,0.101694915254237,0.11864406779661,0.0847457627118644
"20",0.0892857142857143,0.107142857142857,0.0892857142857143,0.107142857142857,0.0892857142857143,0.0892857142857143,0.0892857142857143,0.0892857142857143,0.107142857142857,0.142857142857143
"21",0.0925925925925926,0.12962962962963,0.0925925925925926,0.0925925925925926,0.0925925925925926,0.0925925925925926,0.0925925925925926,0.0925925925925926,0.0925925925925926,0.12962962962963
"22",0.113207547169811,0.113207547169811,0.0943396226415094,0.0943396226415094,0.0943396226415094,0.0943396226415094,0.0943396226415094,0.0943396226415094,0.113207547169811,0.0943396226415094
"23",0.109090909090909,0.0909090909090909,0.0909090909090909,0.109090909090909,0.0909090909090909,0.0909090909090909,0.0909090909090909,0.109090909090909,0.109090909090909,0.109090909090909
"24",0.113207547169811,0.0943396226415094,0.113207547169811,0.0943396226415094,0.0943396226415094,0.113207547169811,0.0943396226415094,0.0943396226415094,0.0943396226415094,0.0943396226415094
"25",0.105263157894737,0.087719298245614,0.087719298245614,0.12280701754386,0.087719298245614,0.087719298245614,0.105263157894737,0.140350877192982,0.087719298245614,0.087719298245614
"26",0.111111111111111,0.111111111111111,0.0925925925925926,0.0925925925925926,0.0925925925925926,0.0925925925925926,0.111111111111111,0.111111111111111,0.0925925925925926,0.0925925925925926
"27",0.104477611940299,0.104477611940299,0.104477611940299,0.104477611940299,0.104477611940299,0.0746268656716418,0.104477611940299,0.0746268656716418,0.134328358208955,0.0895522388059701
"28",0.116666666666667,0.0833333333333333,0.133333333333333,0.0833333333333333,0.0833333333333333,0.1,0.0833333333333333,0.133333333333333,0.1,0.0833333333333333
"29",0.0943396226415094,0.0943396226415094,0.0943396226415094,0.0943396226415094,0.132075471698113,0.113207547169811,0.0943396226415094,0.0943396226415094,0.0943396226415094,0.0943396226415094
"30",0.125,0.0892857142857143,0.0892857142857143,0.0892857142857143,0.107142857142857,0.107142857142857,0.0892857142857143,0.125,0.0892857142857143,0.0892857142857143
"31",0.0943396226415094,0.0943396226415094,0.0943396226415094,0.0943396226415094,0.0943396226415094,0.0943396226415094,0.0943396226415094,0.0943396226415094,0.0943396226415094,0.150943396226415
"32",0.132075471698113,0.0943396226415094,0.0943396226415094,0.0943396226415094,0.0943396226415094,0.0943396226415094,0.0943396226415094,0.0943396226415094,0.0943396226415094,0.113207547169811
"33",0.0892857142857143,0.107142857142857,0.125,0.0892857142857143,0.0892857142857143,0.0892857142857143,0.0892857142857143,0.142857142857143,0.0892857142857143,0.0892857142857143
"34",0.0980392156862745,0.0980392156862745,0.0980392156862745,0.117647058823529,0.0980392156862745,0.0980392156862745,0.0980392156862745,0.0980392156862745,0.0980392156862745,0.0980392156862745
"35",0.0943396226415094,0.0943396226415094,0.132075471698113,0.0943396226415094,0.0943396226415094,0.113207547169811,0.0943396226415094,0.0943396226415094,0.0943396226415094,0.0943396226415094
"36",0.118421052631579,0.0789473684210526,0.0921052631578947,0.105263157894737,0.0921052631578947,0.0789473684210526,0.118421052631579,0.118421052631579,0.105263157894737,0.0921052631578947
"37",0.111111111111111,0.0925925925925926,0.0925925925925926,0.0925925925925926,0.0925925925925926,0.111111111111111,0.0925925925925926,0.12962962962963,0.0925925925925926,0.0925925925925926
"38",0.0925925925925926,0.0925925925925926,0.0925925925925926,0.0925925925925926,0.0925925925925926,0.166666666666667,0.0925925925925926,0.0925925925925926,0.0925925925925926,0.0925925925925926
"39",0.0943396226415094,0.113207547169811,0.0943396226415094,0.113207547169811,0.0943396226415094,0.0943396226415094,0.113207547169811,0.0943396226415094,0.0943396226415094,0.0943396226415094
"40",0.0943396226415094,0.113207547169811,0.0943396226415094,0.0943396226415094,0.0943396226415094,0.0943396226415094,0.0943396226415094,0.0943396226415094,0.113207547169811,0.113207547169811
"41",0.0943396226415094,0.0943396226415094,0.0943396226415094,0.0943396226415094,0.113207547169811,0.132075471698113,0.0943396226415094,0.0943396226415094,0.0943396226415094,0.0943396226415094
"42",0.111111111111111,0.111111111111111,0.0925925925925926,0.111111111111111,0.0925925925925926,0.0925925925925926,0.111111111111111,0.0925925925925926,0.0925925925925926,0.0925925925925926
"43",0.0925925925925926,0.0925925925925926,0.111111111111111,0.0925925925925926,0.0925925925925926,0.0925925925925926,0.0925925925925926,0.0925925925925926,0.12962962962963,0.111111111111111
"44",0.113207547169811,0.0943396226415094,0.113207547169811,0.113207547169811,0.0943396226415094,0.0943396226415094,0.0943396226415094,0.0943396226415094,0.0943396226415094,0.0943396226415094
"45",0.0892857142857143,0.0892857142857143,0.107142857142857,0.0892857142857143,0.0892857142857143,0.125,0.107142857142857,0.125,0.0892857142857143,0.0892857142857143
"46",0.115384615384615,0.115384615384615,0.0961538461538462,0.0961538461538462,0.0961538461538462,0.0961538461538462,0.0961538461538462,0.0961538461538462,0.0961538461538462,0.0961538461538462
"47",0.109090909090909,0.0909090909090909,0.109090909090909,0.109090909090909,0.0909090909090909,0.127272727272727,0.0909090909090909,0.0909090909090909,0.0909090909090909,0.0909090909090909
"48",0.0961538461538462,0.0961538461538462,0.0961538461538462,0.0961538461538462,0.0961538461538462,0.0961538461538462,0.0961538461538462,0.0961538461538462,0.134615384615385,0.0961538461538462
"49",0.0943396226415094,0.0943396226415094,0.0943396226415094,0.0943396226415094,0.0943396226415094,0.113207547169811,0.0943396226415094,0.0943396226415094,0.0943396226415094,0.132075471698113
"50",0.111111111111111,0.0925925925925926,0.0925925925925926,0.0925925925925926,0.111111111111111,0.0925925925925926,0.0925925925925926,0.0925925925925926,0.12962962962963,0.0925925925925926
"51",0.0961538461538462,0.0961538461538462,0.0961538461538462,0.0961538461538462,0.115384615384615,0.0961538461538462,0.0961538461538462,0.0961538461538462,0.0961538461538462,0.115384615384615
"52",0.0943396226415094,0.0943396226415094,0.0943396226415094,0.113207547169811,0.0943396226415094,0.0943396226415094,0.0943396226415094,0.132075471698113,0.0943396226415094,0.0943396226415094
"53",0.0961538461538462,0.0961538461538462,0.0961538461538462,0.0961538461538462,0.0961538461538462,0.0961538461538462,0.0961538461538462,0.134615384615385,0.0961538461538462,0.0961538461538462
"54",0.0943396226415094,0.113207547169811,0.0943396226415094,0.0943396226415094,0.0943396226415094,0.0943396226415094,0.113207547169811,0.0943396226415094,0.0943396226415094,0.113207547169811
"55",0.125,0.0892857142857143,0.107142857142857,0.0892857142857143,0.0892857142857143,0.0892857142857143,0.125,0.0892857142857143,0.0892857142857143,0.107142857142857
"56",0.113207547169811,0.113207547169811,0.0943396226415094,0.0943396226415094,0.0943396226415094,0.0943396226415094,0.0943396226415094,0.0943396226415094,0.0943396226415094,0.113207547169811
"57",0.0909090909090909,0.0909090909090909,0.0909090909090909,0.163636363636364,0.0909090909090909,0.0909090909090909,0.0909090909090909,0.0909090909090909,0.0909090909090909,0.109090909090909
"58",0.0925925925925926,0.111111111111111,0.0925925925925926,0.0925925925925926,0.111111111111111,0.0925925925925926,0.111111111111111,0.0925925925925926,0.0925925925925926,0.111111111111111
"59",0.113207547169811,0.113207547169811,0.0943396226415094,0.0943396226415094,0.0943396226415094,0.113207547169811,0.0943396226415094,0.0943396226415094,0.0943396226415094,0.0943396226415094
"60",0.0925925925925926,0.0925925925925926,0.111111111111111,0.111111111111111,0.0925925925925926,0.0925925925925926,0.111111111111111,0.111111111111111,0.0925925925925926,0.0925925925925926
"61",0.0847457627118644,0.0847457627118644,0.0847457627118644,0.0847457627118644,0.101694915254237,0.0847457627118644,0.101694915254237,0.101694915254237,0.101694915254237,0.169491525423729
"62",0.0925925925925926,0.0925925925925926,0.0925925925925926,0.0925925925925926,0.0925925925925926,0.0925925925925926,0.148148148148148,0.0925925925925926,0.111111111111111,0.0925925925925926
"63",0.132075471698113,0.113207547169811,0.0943396226415094,0.0943396226415094,0.0943396226415094,0.0943396226415094,0.0943396226415094,0.0943396226415094,0.0943396226415094,0.0943396226415094
"64",0.0892857142857143,0.0892857142857143,0.0892857142857143,0.125,0.0892857142857143,0.0892857142857143,0.107142857142857,0.107142857142857,0.125,0.0892857142857143
"65",0.0961538461538462,0.0961538461538462,0.0961538461538462,0.0961538461538462,0.115384615384615,0.0961538461538462,0.0961538461538462,0.0961538461538462,0.0961538461538462,0.115384615384615
"66",0.113207547169811,0.113207547169811,0.0943396226415094,0.0943396226415094,0.0943396226415094,0.113207547169811,0.0943396226415094,0.0943396226415094,0.0943396226415094,0.0943396226415094
"67",0.0925925925925926,0.111111111111111,0.0925925925925926,0.0925925925925926,0.0925925925925926,0.0925925925925926,0.111111111111111,0.111111111111111,0.0925925925925926,0.111111111111111
"68",0.113207547169811,0.0943396226415094,0.0943396226415094,0.0943396226415094,0.0943396226415094,0.113207547169811,0.0943396226415094,0.0943396226415094,0.0943396226415094,0.113207547169811
"69",0.0943396226415094,0.0943396226415094,0.0943396226415094,0.132075471698113,0.0943396226415094,0.0943396226415094,0.0943396226415094,0.0943396226415094,0.0943396226415094,0.113207547169811
"70",0.109090909090909,0.109090909090909,0.0909090909090909,0.0909090909090909,0.127272727272727,0.109090909090909,0.0909090909090909,0.0909090909090909,0.0909090909090909,0.0909090909090909
"71",0.107142857142857,0.107142857142857,0.107142857142857,0.107142857142857,0.107142857142857,0.107142857142857,0.0892857142857143,0.0892857142857143,0.0892857142857143,0.0892857142857143
"72",0.0892857142857143,0.0892857142857143,0.0892857142857143,0.142857142857143,0.0892857142857143,0.142857142857143,0.0892857142857143,0.0892857142857143,0.0892857142857143,0.0892857142857143
"73",0.0943396226415094,0.0943396226415094,0.0943396226415094,0.132075471698113,0.113207547169811,0.0943396226415094,0.0943396226415094,0.0943396226415094,0.0943396226415094,0.0943396226415094
"74",0.0892857142857143,0.125,0.0892857142857143,0.125,0.0892857142857143,0.0892857142857143,0.0892857142857143,0.0892857142857143,0.0892857142857143,0.125
"75",0.0909090909090909,0.0909090909090909,0.109090909090909,0.109090909090909,0.109090909090909,0.0909090909090909,0.0909090909090909,0.0909090909090909,0.109090909090909,0.109090909090909
"76",0.134615384615385,0.0961538461538462,0.0961538461538462,0.0961538461538462,0.0961538461538462,0.0961538461538462,0.0961538461538462,0.0961538461538462,0.0961538461538462,0.0961538461538462
"77",0.101694915254237,0.0847457627118644,0.11864406779661,0.0847457627118644,0.0847457627118644,0.0847457627118644,0.135593220338983,0.135593220338983,0.0847457627118644,0.0847457627118644
"78",0.0925925925925926,0.111111111111111,0.0925925925925926,0.0925925925925926,0.0925925925925926,0.0925925925925926,0.0925925925925926,0.148148148148148,0.0925925925925926,0.0925925925925926
"79",0.125,0.0892857142857143,0.0892857142857143,0.0892857142857143,0.0892857142857143,0.107142857142857,0.107142857142857,0.0892857142857143,0.125,0.0892857142857143
"80",0.0943396226415094,0.0943396226415094,0.0943396226415094,0.113207547169811,0.0943396226415094,0.132075471698113,0.0943396226415094,0.0943396226415094,0.0943396226415094,0.0943396226415094
"81",0.0961538461538462,0.0961538461538462,0.0961538461538462,0.134615384615385,0.0961538461538462,0.0961538461538462,0.0961538461538462,0.0961538461538462,0.0961538461538462,0.0961538461538462
"82",0.103448275862069,0.120689655172414,0.0862068965517241,0.0862068965517241,0.0862068965517241,0.172413793103448,0.0862068965517241,0.0862068965517241,0.0862068965517241,0.0862068965517241
"83",0.0961538461538462,0.0961538461538462,0.0961538461538462,0.115384615384615,0.0961538461538462,0.115384615384615,0.0961538461538462,0.0961538461538462,0.0961538461538462,0.0961538461538462
"84",0.0847457627118644,0.0847457627118644,0.101694915254237,0.101694915254237,0.101694915254237,0.11864406779661,0.101694915254237,0.11864406779661,0.101694915254237,0.0847457627118644
"85",0.0943396226415094,0.0943396226415094,0.0943396226415094,0.0943396226415094,0.0943396226415094,0.0943396226415094,0.113207547169811,0.132075471698113,0.0943396226415094,0.0943396226415094
"86",0.0961538461538462,0.0961538461538462,0.0961538461538462,0.115384615384615,0.0961538461538462,0.0961538461538462,0.115384615384615,0.0961538461538462,0.0961538461538462,0.0961538461538462
"87",0.0961538461538462,0.0961538461538462,0.0961538461538462,0.0961538461538462,0.0961538461538462,0.0961538461538462,0.0961538461538462,0.0961538461538462,0.0961538461538462,0.134615384615385
"88",0.113207547169811,0.0943396226415094,0.0943396226415094,0.0943396226415094,0.0943396226415094,0.0943396226415094,0.0943396226415094,0.113207547169811,0.0943396226415094,0.113207547169811
"89",0.125,0.0892857142857143,0.142857142857143,0.0892857142857143,0.0892857142857143,0.0892857142857143,0.0892857142857143,0.107142857142857,0.0892857142857143,0.0892857142857143
"90",0.0943396226415094,0.0943396226415094,0.0943396226415094,0.113207547169811,0.0943396226415094,0.0943396226415094,0.0943396226415094,0.132075471698113,0.0943396226415094,0.0943396226415094
"91",0.0961538461538462,0.115384615384615,0.0961538461538462,0.0961538461538462,0.0961538461538462,0.0961538461538462,0.0961538461538462,0.115384615384615,0.0961538461538462,0.0961538461538462
"92",0.103448275862069,0.0862068965517241,0.0862068965517241,0.103448275862069,0.103448275862069,0.120689655172414,0.0862068965517241,0.103448275862069,0.103448275862069,0.103448275862069
"93",0.0909090909090909,0.109090909090909,0.0909090909090909,0.0909090909090909,0.0909090909090909,0.109090909090909,0.0909090909090909,0.127272727272727,0.109090909090909,0.0909090909090909
"94",0.0847457627118644,0.0847457627118644,0.0847457627118644,0.169491525423729,0.101694915254237,0.101694915254237,0.0847457627118644,0.101694915254237,0.0847457627118644,0.101694915254237
"95",0.0909090909090909,0.109090909090909,0.0909090909090909,0.0909090909090909,0.109090909090909,0.0909090909090909,0.109090909090909,0.0909090909090909,0.109090909090909,0.109090909090909
"96",0.144927536231884,0.0869565217391304,0.072463768115942,0.0869565217391304,0.072463768115942,0.173913043478261,0.0869565217391304,0.101449275362319,0.101449275362319,0.072463768115942
"97",0.0961538461538462,0.0961538461538462,0.0961538461538462,0.0961538461538462,0.115384615384615,0.115384615384615,0.0961538461538462,0.0961538461538462,0.0961538461538462,0.0961538461538462
"98",0.0961538461538462,0.0961538461538462,0.0961538461538462,0.0961538461538462,0.115384615384615,0.0961538461538462,0.0961538461538462,0.0961538461538462,0.0961538461538462,0.115384615384615
"99",0.0833333333333333,0.0833333333333333,0.1,0.0833333333333333,0.116666666666667,0.1,0.0833333333333333,0.116666666666667,0.116666666666667,0.116666666666667
"100",0.0925925925925926,0.0925925925925926,0.111111111111111,0.0925925925925926,0.0925925925925926,0.0925925925925926,0.148148148148148,0.0925925925925926,0.0925925925925926,0.0925925925925926
"101",0.0925925925925926,0.0925925925925926,0.0925925925925926,0.111111111111111,0.0925925925925926,0.0925925925925926,0.111111111111111,0.12962962962963,0.0925925925925926,0.0925925925925926
"102",0.0961538461538462,0.0961538461538462,0.0961538461538462,0.0961538461538462,0.0961538461538462,0.0961538461538462,0.0961538461538462,0.0961538461538462,0.115384615384615,0.115384615384615
"103",0.109090909090909,0.109090909090909,0.0909090909090909,0.0909090909090909,0.0909090909090909,0.0909090909090909,0.0909090909090909,0.0909090909090909,0.127272727272727,0.109090909090909
"104",0.0983606557377049,0.0983606557377049,0.147540983606557,0.0819672131147541,0.114754098360656,0.114754098360656,0.0819672131147541,0.0819672131147541,0.0983606557377049,0.0819672131147541
"105",0.109090909090909,0.0909090909090909,0.109090909090909,0.0909090909090909,0.109090909090909,0.0909090909090909,0.109090909090909,0.0909090909090909,0.109090909090909,0.0909090909090909
"106",0.0909090909090909,0.0909090909090909,0.0909090909090909,0.145454545454545,0.109090909090909,0.0909090909090909,0.0909090909090909,0.0909090909090909,0.0909090909090909,0.109090909090909
"107",0.0943396226415094,0.0943396226415094,0.0943396226415094,0.0943396226415094,0.0943396226415094,0.150943396226415,0.0943396226415094,0.0943396226415094,0.0943396226415094,0.0943396226415094
"108",0.12962962962963,0.0925925925925926,0.0925925925925926,0.0925925925925926,0.0925925925925926,0.0925925925925926,0.0925925925925926,0.0925925925925926,0.111111111111111,0.111111111111111
"109",0.0909090909090909,0.109090909090909,0.0909090909090909,0.0909090909090909,0.145454545454545,0.0909090909090909,0.0909090909090909,0.0909090909090909,0.109090909090909,0.0909090909090909
"110",0.0925925925925926,0.0925925925925926,0.0925925925925926,0.0925925925925926,0.0925925925925926,0.111111111111111,0.0925925925925926,0.111111111111111,0.111111111111111,0.111111111111111
"111",0.103448275862069,0.172413793103448,0.0862068965517241,0.0862068965517241,0.103448275862069,0.103448275862069,0.0862068965517241,0.0862068965517241,0.0862068965517241,0.0862068965517241
"112",0.0943396226415094,0.0943396226415094,0.0943396226415094,0.113207547169811,0.113207547169811,0.0943396226415094,0.113207547169811,0.0943396226415094,0.0943396226415094,0.0943396226415094
"113",0.101694915254237,0.101694915254237,0.135593220338983,0.0847457627118644,0.0847457627118644,0.135593220338983,0.0847457627118644,0.0847457627118644,0.101694915254237,0.0847457627118644
"114",0.0909090909090909,0.0909090909090909,0.127272727272727,0.0909090909090909,0.109090909090909,0.0909090909090909,0.109090909090909,0.109090909090909,0.0909090909090909,0.0909090909090909
"115",0.0925925925925926,0.111111111111111,0.0925925925925926,0.111111111111111,0.0925925925925926,0.111111111111111,0.111111111111111,0.0925925925925926,0.0925925925925926,0.0925925925925926
"116",0.103448275862069,0.0862068965517241,0.103448275862069,0.103448275862069,0.0862068965517241,0.0862068965517241,0.120689655172414,0.137931034482759,0.0862068965517241,0.0862068965517241
"117",0.0925925925925926,0.0925925925925926,0.0925925925925926,0.0925925925925926,0.111111111111111,0.111111111111111,0.0925925925925926,0.0925925925925926,0.111111111111111,0.111111111111111
"118",0.0925925925925926,0.0925925925925926,0.111111111111111,0.148148148148148,0.0925925925925926,0.0925925925925926,0.0925925925925926,0.0925925925925926,0.0925925925925926,0.0925925925925926
"119",0.0862068965517241,0.103448275862069,0.120689655172414,0.103448275862069,0.103448275862069,0.0862068965517241,0.0862068965517241,0.103448275862069,0.103448275862069,0.103448275862069
"120",0.0847457627118644,0.0847457627118644,0.101694915254237,0.0847457627118644,0.0847457627118644,0.101694915254237,0.101694915254237,0.11864406779661,0.152542372881356,0.0847457627118644
"121",0.0892857142857143,0.0892857142857143,0.107142857142857,0.107142857142857,0.0892857142857143,0.142857142857143,0.0892857142857143,0.0892857142857143,0.0892857142857143,0.107142857142857
"122",0.103448275862069,0.0862068965517241,0.0862068965517241,0.103448275862069,0.0862068965517241,0.120689655172414,0.0862068965517241,0.0862068965517241,0.155172413793103,0.0862068965517241
"123",0.109090909090909,0.0909090909090909,0.0909090909090909,0.0909090909090909,0.109090909090909,0.109090909090909,0.0909090909090909,0.0909090909090909,0.109090909090909,0.109090909090909
"124",0.111111111111111,0.111111111111111,0.0925925925925926,0.0925925925925926,0.111111111111111,0.0925925925925926,0.0925925925925926,0.0925925925925926,0.111111111111111,0.0925925925925926
"125",0.0909090909090909,0.0909090909090909,0.0909090909090909,0.0909090909090909,0.109090909090909,0.109090909090909,0.0909090909090909,0.0909090909090909,0.145454545454545,0.0909090909090909
"126",0.0943396226415094,0.0943396226415094,0.113207547169811,0.113207547169811,0.113207547169811,0.0943396226415094,0.0943396226415094,0.0943396226415094,0.0943396226415094,0.0943396226415094
"127",0.111111111111111,0.0925925925925926,0.0925925925925926,0.12962962962963,0.0925925925925926,0.111111111111111,0.0925925925925926,0.0925925925925926,0.0925925925925926,0.0925925925925926
"128",0.0925925925925926,0.111111111111111,0.0925925925925926,0.0925925925925926,0.0925925925925926,0.111111111111111,0.0925925925925926,0.12962962962963,0.0925925925925926,0.0925925925925926
"129",0.101694915254237,0.101694915254237,0.0847457627118644,0.0847457627118644,0.11864406779661,0.0847457627118644,0.101694915254237,0.0847457627118644,0.152542372881356,0.0847457627118644
"130",0.0943396226415094,0.0943396226415094,0.0943396226415094,0.0943396226415094,0.0943396226415094,0.113207547169811,0.132075471698113,0.0943396226415094,0.0943396226415094,0.0943396226415094
"131",0.0909090909090909,0.0909090909090909,0.0909090909090909,0.0909090909090909,0.0909090909090909,0.145454545454545,0.0909090909090909,0.0909090909090909,0.109090909090909,0.109090909090909
"132",0.111111111111111,0.0925925925925926,0.0925925925925926,0.0925925925925926,0.0925925925925926,0.0925925925925926,0.0925925925925926,0.0925925925925926,0.148148148148148,0.0925925925925926
"133",0.0943396226415094,0.113207547169811,0.0943396226415094,0.0943396226415094,0.0943396226415094,0.113207547169811,0.0943396226415094,0.0943396226415094,0.113207547169811,0.0943396226415094
"134",0.103448275862069,0.120689655172414,0.103448275862069,0.120689655172414,0.103448275862069,0.0862068965517241,0.103448275862069,0.0862068965517241,0.0862068965517241,0.0862068965517241
"135",0.112903225806452,0.0806451612903226,0.0967741935483871,0.0806451612903226,0.0967741935483871,0.145161290322581,0.0967741935483871,0.0806451612903226,0.112903225806452,0.0967741935483871
"136",0.111111111111111,0.0925925925925926,0.12962962962963,0.0925925925925926,0.111111111111111,0.0925925925925926,0.0925925925925926,0.0925925925925926,0.0925925925925926,0.0925925925925926
"137",0.113207547169811,0.0943396226415094,0.0943396226415094,0.113207547169811,0.0943396226415094,0.113207547169811,0.0943396226415094,0.0943396226415094,0.0943396226415094,0.0943396226415094
"138",0.0892857142857143,0.0892857142857143,0.107142857142857,0.107142857142857,0.0892857142857143,0.107142857142857,0.0892857142857143,0.0892857142857143,0.0892857142857143,0.142857142857143
"139",0.0961538461538462,0.0961538461538462,0.0961538461538462,0.0961538461538462,0.0961538461538462,0.0961538461538462,0.0961538461538462,0.115384615384615,0.115384615384615,0.0961538461538462
"140",0.145454545454545,0.0909090909090909,0.0909090909090909,0.0909090909090909,0.0909090909090909,0.127272727272727,0.0909090909090909,0.0909090909090909,0.0909090909090909,0.0909090909090909
"141",0.0862068965517241,0.103448275862069,0.103448275862069,0.103448275862069,0.0862068965517241,0.0862068965517241,0.103448275862069,0.155172413793103,0.0862068965517241,0.0862068965517241
"142",0.0980392156862745,0.0980392156862745,0.0980392156862745,0.0980392156862745,0.0980392156862745,0.0980392156862745,0.0980392156862745,0.0980392156862745,0.117647058823529,0.0980392156862745
"143",0.0892857142857143,0.107142857142857,0.0892857142857143,0.107142857142857,0.107142857142857,0.0892857142857143,0.0892857142857143,0.0892857142857143,0.0892857142857143,0.142857142857143
"144",0.109090909090909,0.0909090909090909,0.0909090909090909,0.127272727272727,0.0909090909090909,0.0909090909090909,0.109090909090909,0.0909090909090909,0.0909090909090909,0.109090909090909
"145",0.0943396226415094,0.0943396226415094,0.0943396226415094,0.0943396226415094,0.113207547169811,0.132075471698113,0.0943396226415094,0.0943396226415094,0.0943396226415094,0.0943396226415094
"146",0.115384615384615,0.0961538461538462,0.0961538461538462,0.0961538461538462,0.0961538461538462,0.0961538461538462,0.0961538461538462,0.0961538461538462,0.0961538461538462,0.115384615384615
"147",0.0847457627118644,0.0847457627118644,0.0847457627118644,0.101694915254237,0.11864406779661,0.0847457627118644,0.101694915254237,0.0847457627118644,0.169491525423729,0.0847457627118644
"148",0.107142857142857,0.107142857142857,0.0892857142857143,0.142857142857143,0.107142857142857,0.0892857142857143,0.0892857142857143,0.0892857142857143,0.0892857142857143,0.0892857142857143
"149",0.0980392156862745,0.0980392156862745,0.0980392156862745,0.0980392156862745,0.0980392156862745,0.117647058823529,0.0980392156862745,0.0980392156862745,0.0980392156862745,0.0980392156862745
"150",0.109090909090909,0.0909090909090909,0.0909090909090909,0.0909090909090909,0.109090909090909,0.127272727272727,0.0909090909090909,0.0909090909090909,0.109090909090909,0.0909090909090909
"151",0.0925925925925926,0.0925925925925926,0.111111111111111,0.0925925925925926,0.0925925925925926,0.0925925925925926,0.12962962962963,0.111111111111111,0.0925925925925926,0.0925925925925926
"152",0.0961538461538462,0.0961538461538462,0.0961538461538462,0.115384615384615,0.0961538461538462,0.0961538461538462,0.115384615384615,0.0961538461538462,0.0961538461538462,0.0961538461538462
"153",0.0892857142857143,0.0892857142857143,0.0892857142857143,0.0892857142857143,0.0892857142857143,0.0892857142857143,0.0892857142857143,0.107142857142857,0.0892857142857143,0.178571428571429
"154",0.0925925925925926,0.0925925925925926,0.0925925925925926,0.111111111111111,0.0925925925925926,0.111111111111111,0.0925925925925926,0.111111111111111,0.111111111111111,0.0925925925925926
"155",0.0925925925925926,0.0925925925925926,0.0925925925925926,0.0925925925925926,0.0925925925925926,0.0925925925925926,0.0925925925925926,0.0925925925925926,0.12962962962963,0.12962962962963
"156",0.105263157894737,0.087719298245614,0.12280701754386,0.087719298245614,0.087719298245614,0.087719298245614,0.105263157894737,0.087719298245614,0.105263157894737,0.12280701754386
"157",0.0892857142857143,0.0892857142857143,0.107142857142857,0.0892857142857143,0.0892857142857143,0.0892857142857143,0.107142857142857,0.0892857142857143,0.142857142857143,0.107142857142857
"158",0.117647058823529,0.0980392156862745,0.0980392156862745,0.0980392156862745,0.0980392156862745,0.0980392156862745,0.0980392156862745,0.0980392156862745,0.0980392156862745,0.0980392156862745
"159",0.0925925925925926,0.0925925925925926,0.0925925925925926,0.111111111111111,0.0925925925925926,0.111111111111111,0.0925925925925926,0.0925925925925926,0.0925925925925926,0.12962962962963
"160",0.0909090909090909,0.0909090909090909,0.0909090909090909,0.109090909090909,0.0909090909090909,0.0909090909090909,0.0909090909090909,0.109090909090909,0.0909090909090909,0.145454545454545
"161",0.0967741935483871,0.0967741935483871,0.0806451612903226,0.0967741935483871,0.0806451612903226,0.112903225806452,0.161290322580645,0.0967741935483871,0.0806451612903226,0.0967741935483871
"162",0.0961538461538462,0.0961538461538462,0.0961538461538462,0.115384615384615,0.0961538461538462,0.115384615384615,0.0961538461538462,0.0961538461538462,0.0961538461538462,0.0961538461538462
"163",0.125,0.0892857142857143,0.142857142857143,0.0892857142857143,0.0892857142857143,0.0892857142857143,0.0892857142857143,0.107142857142857,0.0892857142857143,0.0892857142857143
"164",0.0892857142857143,0.0892857142857143,0.107142857142857,0.125,0.107142857142857,0.125,0.0892857142857143,0.0892857142857143,0.0892857142857143,0.0892857142857143
"165",0.0925925925925926,0.111111111111111,0.0925925925925926,0.0925925925925926,0.0925925925925926,0.0925925925925926,0.0925925925925926,0.148148148148148,0.0925925925925926,0.0925925925925926
"166",0.0757575757575758,0.0909090909090909,0.106060606060606,0.0757575757575758,0.0757575757575758,0.0909090909090909,0.0909090909090909,0.0757575757575758,0.0757575757575758,0.242424242424242
"167",0.111111111111111,0.0925925925925926,0.0925925925925926,0.0925925925925926,0.0925925925925926,0.0925925925925926,0.0925925925925926,0.0925925925925926,0.0925925925925926,0.148148148148148
"168",0.0909090909090909,0.0909090909090909,0.109090909090909,0.145454545454545,0.0909090909090909,0.0909090909090909,0.0909090909090909,0.0909090909090909,0.0909090909090909,0.109090909090909
"169",0.0961538461538462,0.0961538461538462,0.0961538461538462,0.0961538461538462,0.0961538461538462,0.115384615384615,0.0961538461538462,0.0961538461538462,0.115384615384615,0.0961538461538462
"170",0.0952380952380952,0.0793650793650794,0.0793650793650794,0.142857142857143,0.142857142857143,0.0793650793650794,0.0952380952380952,0.111111111111111,0.0793650793650794,0.0952380952380952
"171",0.087719298245614,0.105263157894737,0.087719298245614,0.105263157894737,0.105263157894737,0.087719298245614,0.105263157894737,0.140350877192982,0.087719298245614,0.087719298245614
"172",0.087719298245614,0.087719298245614,0.087719298245614,0.087719298245614,0.087719298245614,0.192982456140351,0.087719298245614,0.087719298245614,0.105263157894737,0.087719298245614
"173",0.109090909090909,0.0909090909090909,0.0909090909090909,0.109090909090909,0.0909090909090909,0.0909090909090909,0.109090909090909,0.109090909090909,0.0909090909090909,0.109090909090909
"174",0.113207547169811,0.0943396226415094,0.0943396226415094,0.0943396226415094,0.0943396226415094,0.113207547169811,0.0943396226415094,0.0943396226415094,0.0943396226415094,0.113207547169811
"175",0.105263157894737,0.087719298245614,0.087719298245614,0.140350877192982,0.087719298245614,0.087719298245614,0.105263157894737,0.087719298245614,0.105263157894737,0.105263157894737
"176",0.0862068965517241,0.0862068965517241,0.103448275862069,0.120689655172414,0.0862068965517241,0.0862068965517241,0.103448275862069,0.103448275862069,0.137931034482759,0.0862068965517241
"177",0.0892857142857143,0.0892857142857143,0.0892857142857143,0.125,0.0892857142857143,0.107142857142857,0.0892857142857143,0.0892857142857143,0.107142857142857,0.125
"178",0.113207547169811,0.0943396226415094,0.0943396226415094,0.0943396226415094,0.0943396226415094,0.0943396226415094,0.113207547169811,0.0943396226415094,0.0943396226415094,0.113207547169811
"179",0.101694915254237,0.0847457627118644,0.11864406779661,0.0847457627118644,0.0847457627118644,0.101694915254237,0.0847457627118644,0.101694915254237,0.135593220338983,0.101694915254237
"180",0.0961538461538462,0.0961538461538462,0.0961538461538462,0.0961538461538462,0.0961538461538462,0.115384615384615,0.0961538461538462,0.115384615384615,0.0961538461538462,0.0961538461538462
"181",0.111111111111111,0.111111111111111,0.0925925925925926,0.0925925925925926,0.0925925925925926,0.111111111111111,0.0925925925925926,0.111111111111111,0.0925925925925926,0.0925925925925926
"182",0.0925925925925926,0.111111111111111,0.0925925925925926,0.0925925925925926,0.0925925925925926,0.111111111111111,0.0925925925925926,0.0925925925925926,0.0925925925925926,0.12962962962963
"183",0.0892857142857143,0.107142857142857,0.125,0.0892857142857143,0.0892857142857143,0.0892857142857143,0.107142857142857,0.107142857142857,0.107142857142857,0.0892857142857143
"184",0.150943396226415,0.0943396226415094,0.0943396226415094,0.0943396226415094,0.0943396226415094,0.0943396226415094,0.0943396226415094,0.0943396226415094,0.0943396226415094,0.0943396226415094
"185",0.0980392156862745,0.0980392156862745,0.0980392156862745,0.117647058823529,0.0980392156862745,0.0980392156862745,0.0980392156862745,0.0980392156862745,0.0980392156862745,0.0980392156862745
"186",0.109090909090909,0.0909090909090909,0.109090909090909,0.0909090909090909,0.109090909090909,0.109090909090909,0.0909090909090909,0.0909090909090909,0.0909090909090909,0.109090909090909
"187",0.0980392156862745,0.0980392156862745,0.0980392156862745,0.0980392156862745,0.0980392156862745,0.0980392156862745,0.117647058823529,0.0980392156862745,0.0980392156862745,0.0980392156862745
"188",0.0862068965517241,0.103448275862069,0.0862068965517241,0.0862068965517241,0.103448275862069,0.0862068965517241,0.0862068965517241,0.0862068965517241,0.0862068965517241,0.189655172413793
"189",0.0961538461538462,0.0961538461538462,0.0961538461538462,0.0961538461538462,0.0961538461538462,0.0961538461538462,0.115384615384615,0.0961538461538462,0.0961538461538462,0.115384615384615
"190",0.0943396226415094,0.0943396226415094,0.0943396226415094,0.113207547169811,0.113207547169811,0.0943396226415094,0.0943396226415094,0.113207547169811,0.0943396226415094,0.0943396226415094
"191",0.0943396226415094,0.0943396226415094,0.0943396226415094,0.0943396226415094,0.0943396226415094,0.0943396226415094,0.0943396226415094,0.150943396226415,0.0943396226415094,0.0943396226415094
"192",0.113207547169811,0.0943396226415094,0.0943396226415094,0.0943396226415094,0.0943396226415094,0.0943396226415094,0.113207547169811,0.113207547169811,0.0943396226415094,0.0943396226415094
"193",0.0925925925925926,0.0925925925925926,0.0925925925925926,0.148148148148148,0.0925925925925926,0.111111111111111,0.0925925925925926,0.0925925925925926,0.0925925925925926,0.0925925925925926
"194",0.113207547169811,0.0943396226415094,0.0943396226415094,0.0943396226415094,0.0943396226415094,0.0943396226415094,0.0943396226415094,0.0943396226415094,0.113207547169811,0.113207547169811
"195",0.0909090909090909,0.0909090909090909,0.109090909090909,0.127272727272727,0.109090909090909,0.0909090909090909,0.0909090909090909,0.0909090909090909,0.0909090909090909,0.109090909090909
"196",0.125,0.0892857142857143,0.0892857142857143,0.0892857142857143,0.107142857142857,0.125,0.0892857142857143,0.0892857142857143,0.0892857142857143,0.107142857142857
"197",0.111111111111111,0.0925925925925926,0.0925925925925926,0.0925925925925926,0.111111111111111,0.0925925925925926,0.0925925925925926,0.12962962962963,0.0925925925925926,0.0925925925925926
"198",0.0961538461538462,0.0961538461538462,0.0961538461538462,0.0961538461538462,0.0961538461538462,0.134615384615385,0.0961538461538462,0.0961538461538462,0.0961538461538462,0.0961538461538462
"199",0.0925925925925926,0.0925925925925926,0.0925925925925926,0.0925925925925926,0.0925925925925926,0.0925925925925926,0.111111111111111,0.0925925925925926,0.0925925925925926,0.148148148148148
"200",0.111111111111111,0.0925925925925926,0.0925925925925926,0.12962962962963,0.0925925925925926,0.0925925925925926,0.0925925925925926,0.111111111111111,0.0925925925925926,0.0925925925925926
"201",0.0980392156862745,0.0980392156862745,0.0980392156862745,0.117647058823529,0.0980392156862745,0.0980392156862745,0.0980392156862745,0.0980392156862745,0.0980392156862745,0.0980392156862745
"202",0.0943396226415094,0.0943396226415094,0.113207547169811,0.0943396226415094,0.113207547169811,0.0943396226415094,0.0943396226415094,0.0943396226415094,0.0943396226415094,0.113207547169811
"203",0.0892857142857143,0.125,0.107142857142857,0.107142857142857,0.0892857142857143,0.0892857142857143,0.107142857142857,0.107142857142857,0.0892857142857143,0.0892857142857143
"204",0.087719298245614,0.087719298245614,0.087719298245614,0.087719298245614,0.105263157894737,0.12280701754386,0.087719298245614,0.157894736842105,0.087719298245614,0.087719298245614
"205",0.0961538461538462,0.0961538461538462,0.0961538461538462,0.115384615384615,0.0961538461538462,0.0961538461538462,0.115384615384615,0.0961538461538462,0.0961538461538462,0.0961538461538462
"206",0.0909090909090909,0.109090909090909,0.0909090909090909,0.109090909090909,0.0909090909090909,0.0909090909090909,0.109090909090909,0.0909090909090909,0.127272727272727,0.0909090909090909
"207",0.0892857142857143,0.0892857142857143,0.0892857142857143,0.0892857142857143,0.0892857142857143,0.196428571428571,0.0892857142857143,0.0892857142857143,0.0892857142857143,0.0892857142857143
"208",0.0943396226415094,0.132075471698113,0.0943396226415094,0.0943396226415094,0.0943396226415094,0.0943396226415094,0.0943396226415094,0.0943396226415094,0.113207547169811,0.0943396226415094
"209",0.0925925925925926,0.111111111111111,0.111111111111111,0.0925925925925926,0.111111111111111,0.0925925925925926,0.0925925925925926,0.111111111111111,0.0925925925925926,0.0925925925925926
